0 394
1 97
2 61
3 56
4 34
5 44
6 36
7 21
8 28
9 14
10 23
11 12
12 18
13 6
14 11
15 8
16 5
17 4
18 4
19 3
20 4
21 3
22 5
23 2
24 4
25 0
26 4
27 1
28 2
29 2
30 0
31 3
32 3
33 2
34 0
35 3
36 0
37 1
38 3
39 0
40 1
41 1
42 1
43 0
44 0
45 3
46 0
47 2
48 3
49 1
50 2
51 0
52 4
53 1
54 1
55 0
56 2
57 0
58 2
59 0
60 1
61 0
62 0
63 1
64 1
65 2
66 1
67 0
68 0
69 3
70 0
71 3
72 1
73 5
74 2
75 3
76 2
77 0
78 1
79 0
80 0
81 2
82 1
83 2
84 0
85 0
86 2
87 2
88 1
89 0
90 0
91 3
92 1
93 2
94 0
95 2
96 2
97 0
98 2
99 0
100 0
101 4
102 2
103 2
104 0
105 0
106 2
107 0
108 0
109 0
110 0
111 0
112 0
113 3
114 1
115 0
116 1
117 1
118 0
119 0
120 1
121 0
122 0
123 0
124 1
125 1
126 0
127 1
128 0
129 0
130 0
131 2
132 0
133 0
134 0
135 0
136 1
137 1
138 1
139 0
140 1
141 0
142 0
143 0
144 1
145 0
146 0
147 0
148 0
149 0
150 0
151 0
152 0
153 0
154 1
155 1
156 0
157 0
158 0
159 1
160 0
161 0
162 0
163 0
164 0
165 1
166 0
167 1
168 0
169 0
170 0
171 0
172 0
173 0
174 0
175 1
176 1
177 0
178 0
179 0
180 0
181 0
182 0
183 0
184 0
185 0
186 0
187 0
188 0
189 0
190 0
191 0
192 0
193 0
194 1
